1542312788765731412511124564567897
0301007085423100103203020310123123141
25112428773941241021301203010002310010
3203020345687783100103203020310123123141
2511247542642341241021301203010002310010
320302031012312314564564564564654564
4234124100041542312788765731412511124564567897
0301007085423100103203020310123123141
25112428773941241021301203010002310010
3203020345687783100103203020310123123141
2511247542642341241021301203010002310010
320302031012312314564564564564654564
423412410004563203020454543101231231440002130124569
0301000231450011542312788765731412511124564567897
0301007085423100103203020310123123141
25112428773941241021301203010002310010
3203020345687783100103203020310123123141
2511241542312788765731412511124564567897
2511241542312788765731412511124564567897
0301007085423100103203020310123123141
25112428773941241021301203010002310010
3203020345687783100103203020310123123141
2511247542642341241021301203010002310010
320302031012312314564564564564654564
423412410004563203020454543101231231440002130124569
03010002314500103203020311245565245
45464030100023100103203020310123123141
2511242341241021301203010002310010
320302044310123123140123123141
25112423412410213012030100402310010
320302031014423123141251124234124102112
030100023100103203020310123123141
25112445452341241021301203010002310010
320302045454310123123147542642341241021301203010002310010
320302031012312314564564564564654564
423412410004563203020454543101231231440002130124569
03010002314500103203020311245565245
45464030100023100103203020310123123141
2511242341241021301203010002310010
320302044310123123140123123141
25112423412410213012030100402310010
320302031014423123141251124234124102112
030100023100103203020310123123141
25112445452341241021301203010002310010
3203020454543101231231403203020311245565245
45464030100023100103203020310123123141
2511242341241021301203010002310010
320302044310123123140123123141
25112423412410213012030100402310010
320302031014423123141251124234124102112
030100023100103203020310123123141
25112445452341241021301203010002310010
32030204545431012312314563203020454543101231231440002130124569
03010002314500103203020311245565245
45464030100023100103203020310123123141
2511242341241021301203010002310010
320302044310123123140123123141
25112423412410213012030100402310010
320302031014423123141251124234124102112
030100023100103203020310123123141
25112445452341241021301203010002310010
32030204545431012312314