1233333333333333333333333333333333333333333333333333
6354634644414246658234
1233333333333333333333333333333333333333333333333333
6354634644414246658234
1233333333333333333333333333333333333333333333333333
63546346444142466582341233333333333333333333333333333333333333333333333333
          63546346444142466582341233333333333333333333333333333333333333333333333333
                                6354634644414246658234
658234
1233333333333333333333333333333333333333333333333333
6354634644414246658234
1233333333333333333333333333333333333333333333333333
635463464441424665823
1233333333333333333333333333333333333333333333333333
6354634644414246658234
1233333333333333333333333333333333333333333333333333
63546346444142466582341233333333333333333333333333333333333333333333333333
          63546346444142466582341233333333333333333333333333333333333333333333333333
                                6354634644414246658234
658234
1233333333333333333333333333333333333333333333333333
6354634644414246658234
1233333333333333333333333333333333333333333333333333
635463464441424665823

1233333333333333333333333333333333333333333333333333
6354634644414246658234
1233333333333333333333333333333333333333333333333333
63546346444142466582341233333333333333333333333333333333333333333333333333
          63546346444142466582341233333333333333333333333333333333333333333333333333
                                6354634644414246658234
658234
1233333333333333333333333333333333333333333333333333
6354634644414246658234
1233333333333333333333333333333333333333333333333333
635463464441424665823
